# timestamp t_x t_y t_z q_x q_y q_z q_w
250005 0.000000000000000 0.000000000000000 0.000000000000000 0.000000000000000 0.000000000000000 0.000000000000000 1.000000000000000
266672 -0.316676082666644 -0.002735185514930 -0.045173289547981 -0.000933013561220 0.050510723876911 -0.000426643681756 0.998722991742102
283339 -0.337414546644867 -0.002883610386193 -0.050526705157205 -0.000974139673095 0.053858225553481 -0.000460123312788 0.998548011303745
300006 -0.358069101147567 -0.003049794915817 -0.056224906279222 -0.001023780841905 0.057216864590558 -0.000455658214874 0.998361144403569
316673 -0.378644908243189 -0.003172745904921 -0.062150629915903 -0.001061809370622 0.060567233024989 -0.000476764962389 0.998163441295927
333340 -0.399257937578334 -0.003169508282132 -0.068377769814019 -0.001066819561572 0.063953842432489 -0.000493595788657 0.997952165335263
350007 -0.419734059331299 -0.003169701747795 -0.074873017122211 -0.001065470743163 0.067329359848685 -0.000494697937400 0.997730112479528
366674 -0.439942542371855 -0.003223443672038 -0.081617812199766 -0.001080829503035 0.070656439434679 -0.000504936424328 0.997499997199602
383341 -0.460680019892041 -0.003226670876095 -0.088532229168816 -0.001080779343432 0.074146487483775 -0.000520722614999 0.997246639080718
400008 -0.480853120394802 -0.003579046130509 -0.095823426269958 -0.001178485192848 0.077518401674407 -0.000569796404489 0.996990062090166
416675 -0.501191097653020 -0.003845797849602 -0.103356745468372 -0.001239884225007 0.080953953572609 -0.000576772017001 0.996716904352541
433342 -0.521330180643901 -0.004100732741700 -0.111159019364373 -0.001303560513541 0.084359325894825 -0.000589302921599 0.996434371941587
450009 -0.541213873110529 -0.004137117407347 -0.119325437883038 -0.001311508119511 0.087729678120142 -0.000581236338876 0.996143285721340
466676 -0.560958881467248 -0.004218201372294 -0.127809825677730 -0.001324446034454 0.091107240558034 -0.000569834535600 0.995840043304749
483343 -0.580808322294488 -0.004087168317930 -0.136345533744037 -0.001279692564532 0.094549668603134 -0.000551060482226 0.995519170526777
500010 -0.600248935472005 -0.004381058503889 -0.145314066653534 -0.001358183169489 0.097914672665538 -0.000570807412437 0.995193723048019
516677 -0.619392131488131 -0.004138386836061 -0.154476250609870 -0.001285229981637 0.101235899939336 -0.000552465598008 0.994861465496141
533344 -0.638210371881027 -0.003025518994739 -0.162962615844852 -0.000979006494868 0.104432913458964 -0.000560579018709 0.994531293566934
550011 -0.657277118611581 -0.003065821304170 -0.172768951115831 -0.000991017232445 0.107760173451192 -0.000588822001417 0.994176250063974
566678 -0.676020042503037 -0.003096068123572 -0.182952427759761 -0.000985940484510 0.111067147630564 -0.000624226454597 0.993812219174178
583345 -0.695035248141407 -0.003636108726412 -0.193183325319969 -0.001130704780838 0.114472979463568 -0.000639621211900 0.993425512740707
600012 -0.713809070648678 -0.003771406044732 -0.203749553512975 -0.001164503650839 0.117848637196013 -0.000648257680553 0.993030675459862
616679 -0.732261363406665 -0.003346060499550 -0.214771835781825 -0.001036870550077 0.121174267998951 -0.000623706691396 0.992630511652923
633346 -0.750696889213913 -0.003559874063629 -0.225898206283862 -0.001079791958774 0.124558571229290 -0.000655447496969 0.992211452650705
650013 -0.768862620513576 -0.003658018943649 -0.237242385979019 -0.001101899620527 0.127921099342128 -0.000632736290781 0.991783533743687
666680 -0.786938070103578 -0.003341261637645 -0.248847677764536 -0.001023644065342 0.131286755263127 -0.000639625467212 0.991343699694798
683347 -0.804620669980418 -0.003222151025104 -0.260749314460435 -0.000979667637255 0.134579756182120 -0.000646835960930 0.990902069369381
700014 -0.822350844710206 -0.003049971351284 -0.272837187923345 -0.000931217190681 0.137951262626880 -0.000658786928263 0.990438361521794
716681 -0.839555494231409 -0.002870003226209 -0.285281637824724 -0.000882186187324 0.141246684157200 -0.000669000383692 0.989973811977172
733348 -0.856743623117693 -0.003098849536607 -0.298107767586144 -0.000924517333508 0.144540329921485 -0.000646815919525 0.989498266761016
750015 -0.874178524737968 -0.003081739732385 -0.311092541549947 -0.000901901705116 0.147899114165292 -0.000668489611628 0.989001815834569
766682 -0.891545319552950 -0.003829145993803 -0.324292284689758 -0.001084293852921 0.151299906042611 -0.000692916113574 0.988487067495371
783349 -0.908096690372015 -0.003592043093805 -0.337588562440131 -0.001021624195126 0.154597757321178 -0.000692397399907 0.987976725586745
800016 -0.924588595326377 -0.003432733668910 -0.351226632045164 -0.000971892370303 0.157932957585628 -0.000734392826726 0.987449085776402
816683 -0.940642994864316 -0.003853922386928 -0.365173141652197 -0.001073723566000 0.161222730048132 -0.000771504090875 0.986917161272905
833350 -0.956548568232047 -0.004119288613981 -0.379307508446658 -0.001126989657130 0.164504644890470 -0.000751474040582 0.986375378337547
850017 -0.971774538082397 -0.004139246164588 -0.393885360711946 -0.001116396389686 0.167688169822010 -0.000735569183093 0.985839180748474
866684 -0.988422753713858 -0.004245312567662 -0.407904781472729 -0.001145945669270 0.171302595894451 -0.000750210055274 0.985217511330984
883351 -1.003368693899254 -0.004287203860540 -0.422843770416898 -0.001139867682765 0.174496462703372 -0.000712495782461 0.984656883160544
900018 -1.019276586237824 -0.003795981848690 -0.437655418772435 -0.001012395687343 0.177954570379414 -0.000673594715775 0.984037952624902
916685 -1.034722644854113 -0.003018849986012 -0.452994463145041 -0.000821473720975 0.181298179603861 -0.000630249373162 0.983427627250211
933352 -1.049755922939303 -0.003817885345952 -0.468567155183855 -0.001016349090398 0.184616406490700 -0.000696161235593 0.982809882351883
950019 -1.064356147775463 -0.003343153418644 -0.484254206269984 -0.000895085956785 0.187922116308729 -0.000692279943565 0.982183281150549
966686 -1.078934201309907 -0.003476905582976 -0.500126070375277 -0.000913943910837 0.191291098319941 -0.000689726935359 0.981532681415567
983353 -1.092852299256643 -0.003038635183335 -0.516216823124537 -0.000793042043833 0.194538248657676 -0.000692026039511 0.980894368417661
1000020 -1.106660245070912 -0.004047304854708 -0.532591343194052 -0.000998176722657 0.197833425126282 -0.000802321453797 0.980234816677269
1016687 -1.120576542941575 -0.004542948214516 -0.548972324098770 -0.001096658038460 0.201232904407495 -0.000814396179921 0.979542470893290
1033354 -1.134191435950466 -0.005212728069435 -0.565936421000756 -0.001254106715093 0.204507795465535 -0.000797151158200 0.978863807360455
1050021 -1.147506089982332 -0.005008314270649 -0.583033570668297 -0.001207483072896 0.207790114693349 -0.000708544710676 0.978172432746265
1066688 -1.160427871521256 -0.004675514047210 -0.600090992468179 -0.001120413711440 0.211050081353981 -0.000671142372048 0.977474376851644
1083355 -1.173156726191727 -0.003983701622097 -0.617639343623570 -0.000963711691806 0.214303976105225 -0.000713027545339 0.976766281500844
1100022 -1.185794029318513 -0.003903480371948 -0.634966526537013 -0.000947503073136 0.217673348350947 -0.000759473690002 0.976020921320505
1116689 -1.197095897479574 -0.002867902533091 -0.652874297951565 -0.000690666717290 0.220752631570769 -0.000683602749604 0.975329345052914
1133356 -1.209783774164543 -0.001894583326862 -0.670294552487853 -0.000471387376766 0.224185162840865 -0.000590719796453 0.974546274738187
1150023 -1.221929326020677 -0.003212339248488 -0.688121088529020 -0.000769356597568 0.227559800493097 -0.000707950412673 0.973763546296626
1166690 -1.233011346656392 -0.002559864877006 -0.706044805584913 -0.000614417257456 0.230729091905635 -0.000742535780452 0.973017552401009
1183357 -1.243215676234606 -0.002323920894325 -0.724617624635405 -0.000549048883206 0.233784219400184 -0.000674998073309 0.972288116600410
1200024 -1.253900569220868 -0.001864071046317 -0.743263938156851 -0.000432541650786 0.236983840582799 -0.000619204665090 0.971513298311418
1216691 -1.263982563186977 0.000254189744010 -0.762571886047532 -0.000000038040946 0.240104992357544 -0.000582811579044 0.970746750175166
1233358 -1.273798927681323 0.000209628793678 -0.781938253593461 -0.000004478318947 0.243193252689766 -0.000584586918253 0.969977680199009
1250025 -1.284545749611048 -0.000682046524835 -0.800864149697060 -0.000187829205888 0.246583160839928 -0.000652563358386 0.969121397798770
1266692 -1.293985037014385 -0.001735415311898 -0.820312786567137 -0.000397301700058 0.249777048175484 -0.000636017451590 0.968303084699157
1283359 -1.302966475576275 -0.000869621423052 -0.839960203399396 -0.000224947348287 0.252912262968345 -0.000578910841908 0.967489018801329
1300026 -1.311822249203122 0.000350768590386 -0.858112720772434 -0.000008415975733 0.256159471395753 -0.000633492646538 0.966634327877138
1316693 -1.320220812730655 0.000612991529969 -0.876961697802167 0.000067523340117 0.259336457888760 -0.000578962848245 0.965786861503267
1333360 -1.328459035736747 0.001011073223213 -0.898077534504893 0.000188068954320 0.262374528813699 -0.000448389823646 0.964965994326445
1350027 -1.338576943076013 -0.001076321427902 -0.916663916576087 -0.000218779240667 0.265988005228934 -0.000487142989349 0.963976190526345
1366694 -1.345555380420313 -0.005114728174548 -0.937498561116409 -0.000985106706619 0.268965708901788 -0.000759076490778 0.963148950475790
1383361 -1.354837295767343 -0.005564295389332 -0.956513262373324 -0.001041204123106 0.272542344653057 -0.000811342829575 0.962142883353508
1400028 -1.362960898658973 -0.004987013182299 -0.975923995054501 -0.000896653271437 0.275890413946136 -0.000765350195359 0.961188373704457
1416695 -1.369347419934738 -0.006295288577547 -0.996475480340488 -0.001146313884266 0.278944147067444 -0.000813604014723 0.960306298443264
1433362 -1.377440302271550 -0.008841365723772 -1.015495075589100 -0.001629755226208 0.282535226903487 -0.000947516391238 0.959255071224117
1450029 -1.384470521105539 -0.008143945166617 -1.035541557779453 -0.001489743164455 0.285878724743494 -0.000908221668098 0.958264217498357
1466696 -1.390876765609807 -0.007241763189736 -1.055914896236090 -0.001323559753091 0.289123800014971 -0.000872304879842 0.957290402928328
1483363 -1.397066391484599 -0.007701605041153 -1.075975964488717 -0.001398550556446 0.292386633618805 -0.000872267408599 0.956298771141620
1500030 -1.402532631704015 -0.007511504206758 -1.096725712950891 -0.001337527186079 0.295533315786700 -0.000872253767378 0.955331099386234
1516697 -1.407766308182209 -0.008110139690909 -1.117706868264115 -0.001434369147096 0.298710500057859 -0.000905504370313 0.954342265543222
1533364 -1.413228998225256 -0.008748798395947 -1.138638349188497 -0.001529418591144 0.301957416180486 -0.000932406840646 0.953319731417462
1550031 -1.418704942338600 -0.008506249513898 -1.159080658820851 -0.001473431174319 0.305289098903205 -0.000936276156898 0.952258115469961
1566698 -1.423671496752903 -0.008383427868236 -1.179575950903871 -0.001431184709937 0.308565665729951 -0.000938360239247 0.951201503953300
1583365 -1.427470686644922 -0.008885062990193 -1.201249369308300 -0.001499966373356 0.311637107754369 -0.000956892657791 0.950199530376548
1600032 -1.433215008706495 -0.009328432494998 -1.221193399888888 -0.001556635590856 0.315180875591023 -0.001027832438053 0.949029786733690
1616699 -1.436328888598921 -0.008939355910087 -1.243194542338221 -0.001486778672919 0.318252225260173 -0.000982250019309 0.948004401778296
1633366 -1.439878786431863 -0.009336149538231 -1.263915682608973 -0.001520292519500 0.321467893681478 -0.000999728657396 0.946918730718355
1650033 -1.441314607874555 -0.010499573245260 -1.286899550086761 -0.001705579420735 0.324317660399783 -0.001081787557568 0.945946074513411
1666700 -1.443960649162039 -0.011359408047886 -1.308894537494001 -0.001833057143785 0.327451287513793 -0.001087877309884 0.944865657503767
1683367 -1.446048722820838 -0.011921449098960 -1.330930580866155 -0.001892130610119 0.330560636520533 -0.001105005866360 0.943782212370486
1700034 -1.449647253529759 -0.011277592888333 -1.350688959717316 -0.001786130762446 0.334045644612035 -0.001122586497695 0.942554537866210
1716701 -1.452546140133164 -0.009320532501512 -1.371026813283802 -0.001429109539325 0.337438538394517 -0.001082348140703 0.941345855132214
1733368 -1.454209028428724 -0.008013741268050 -1.392017948116485 -0.001174690016922 0.340686095368608 -0.001084473199545 0.940175743381915
1750035 -1.455645565391696 -0.009674086838915 -1.413409941217522 -0.001431445477701 0.343854748497838 -0.001143336826036 0.939021062426310
1766702 -1.457330837253963 -0.010378978847162 -1.434182440369682 -0.001483002941587 0.347099123489837 -0.001220122492318 0.937826482072225
1783369 -1.456912328124630 -0.013624852809818 -1.456134063789117 -0.002002110015863 0.350077513143577 -0.001305198306080 0.936717685753864
1800036 -1.457188680282745 -0.015746786301596 -1.477788538370427 -0.002328895175169 0.353204914622621 -0.001383681070940 0.935542062101103
1816703 -1.457863848915061 -0.015962475917863 -1.498554276402453 -0.002342856514337 0.356449780203055 -0.001453573558722 0.934310415408314
1833370 -1.456598187606155 -0.018960708113880 -1.520680935199465 -0.002784634126228 0.359399664564808 -0.001604088264164 0.933178200465660
1850037 -1.456553617606864 -0.019740998558392 -1.542589069240707 -0.002864709406708 0.362584277695582 -0.001627609015811 0.931945162494489
1866704 -1.456021350093322 -0.019421465469636 -1.563297220239983 -0.002802534633171 0.365800222708828 -0.001510226384942 0.930687950970715
1883371 -1.454330282346051 -0.020535917171878 -1.585227290470637 -0.002941300008544 0.368850019791716 -0.001513046912782 0.929483040374030
1900038 -1.451502600741198 -0.020094958196008 -1.607859417809191 -0.002861920354042 0.371753011264243 -0.001463434713216 0.928326109934809
1916705 -1.450442515690002 -0.021166237794176 -1.628741349894141 -0.002990598171469 0.374966766073603 -0.001597297309738 0.927032054086689
1933372 -1.446964625535619 -0.020989406958993 -1.651581382981084 -0.002945617353833 0.377837824757069 -0.001481091457965 0.925865923279037
1950039 -1.444239343492816 -0.020561692414124 -1.672264597196059 -0.002844960025850 0.380960663963067 -0.001448194549400 0.924585735044521
1966706 -1.442625045419177 -0.020748460864102 -1.692493352594038 -0.002855102885186 0.384271073513164 -0.001470815676590 0.923214724292134
1983373 -1.438733003456168 -0.021097284546427 -1.714438215106689 -0.002890045818135 0.387235177591506 -0.001580081699637 0.921975090885142
2000040 -1.435598451641950 -0.022287246145848 -1.735482835754167 -0.003014000308417 0.390366054934605 -0.001644697382226 0.920653329938829
2016707 -1.434417674365737 -0.024018999885767 -1.754265458433843 -0.003198263626637 0.393874420979455 -0.001742148921228 0.919157046714548
2033374 -1.430905542640501 -0.023490345609282 -1.776092031749844 -0.003096491432752 0.396993953947844 -0.001702224074732 0.917814422801725
2050041 -1.426688167851312 -0.022314323995709 -1.797063931926507 -0.002927048803945 0.400105472825502 -0.001685887378791 0.916462874744049
2066708 -1.422829211832076 -0.021475921649550 -1.817803700651212 -0.002806713777659 0.403321348192002 -0.001685787571338 0.915052550715324
2083375 -1.417751891887446 -0.020971420910950 -1.839499061435353 -0.002675064041993 0.406359595108577 -0.001680437398327 0.913707775837393
2100042 -1.413084314166141 -0.024167051700604 -1.859248747757822 -0.003071309078077 0.409504055268555 -0.001815272582661 0.912301321145928
2116709 -1.408477571963469 -0.024744761520092 -1.879099501929417 -0.003154344406242 0.412704790358969 -0.001894484290473 0.910857407641503
2133376 -1.402899426099120 -0.023382265961682 -1.900820850152306 -0.002986432485194 0.415752894556813 -0.001843348540881 0.909470842828290
2150043 -1.396557029956189 -0.022772700237706 -1.923761473113623 -0.002916885982975 0.418684594604104 -0.001747535437570 0.908125348251690
2166710 -1.391603389724754 -0.022040650254064 -1.944445380122787 -0.002777124509038 0.421921037402891 -0.001737047642620 0.906626664312173
2183377 -1.387457636343791 -0.021146343320277 -1.962636439702334 -0.002624891149696 0.425358023375421 -0.001720894766057 0.905019723772809
2200044 -1.380202849506034 -0.020171461864087 -1.981528935073204 -0.002457620545227 0.428383358426184 -0.001687726256622 0.903592170121478
2216711 -1.371667624726029 -0.022961717477303 -2.002105717819926 -0.002773762212087 0.431228025222832 -0.001804766750234 0.902236908645720
2233378 -1.362958284030061 -0.024330040293288 -2.022258261458331 -0.002916827331444 0.434141504400494 -0.001836831881912 0.900838094400893
2250045 -1.353613429061813 -0.024725499811473 -2.042180215374188 -0.002937540013517 0.437027933345900 -0.001972086802428 0.899440974832548
2266712 -1.342912386623492 -0.024032675250234 -2.064644031827585 -0.002820266709362 0.439650959833464 -0.002029198947648 0.898161990937511
2283379 -1.333969099506505 -0.023390455133320 -2.084166204978755 -0.002767968719705 0.442635506998378 -0.002092427702984 0.896694913579732
2300046 -1.323445862761008 -0.024125511475372 -2.106076305147146 -0.002784538725702 0.445358612077459 -0.001974069206607 0.895345774571641
2316713 -1.316252470433917 -0.025979027873203 -2.125076314298314 -0.002980297364943 0.448594462890721 -0.001928604805284 0.893728373822219
2333380 -1.310576816826306 -0.023371240036900 -2.140211920768838 -0.002686565635280 0.452195174226167 -0.001889015556941 0.891912965704547
2350047 -1.302093506528145 -0.022483574702038 -2.159637614223536 -0.002599859905793 0.455289553602271 -0.001847721908491 0.890337716281223
2366714 -1.291569113044443 -0.022902267630836 -2.180232216871074 -0.002613125480758 0.458140477020490 -0.001800731444502 0.888874137466562
2383381 -1.283270466104976 -0.022495891604573 -2.197836033607861 -0.002543535091641 0.461385158912052 -0.001817776246419 0.887194432610156
2400048 -1.272740527988120 -0.022446380027412 -2.218266798917653 -0.002515760477112 0.464329826111565 -0.001807068751465 0.885656941504414
2416715 -1.265789315609067 -0.023324426918124 -2.234032451088764 -0.002580444096473 0.467804470440274 -0.001767581019822 0.883826450385876
2433382 -1.253414215610201 -0.021721537031858 -2.255343984508524 -0.002429997311754 0.470509978809982 -0.001859867935763 0.882389367481588
2450049 -1.243305362892689 -0.022348058040245 -2.273086354112333 -0.002498647418924 0.473632848948706 -0.001896524812859 0.880716801447232
2466716 -1.231862467226406 -0.022299955189485 -2.291086502209008 -0.002525265761058 0.476620338348313 -0.001965819790829 0.879103413517503
2483383 -1.219687542235000 -0.022308811737867 -2.309917054703309 -0.002497878740078 0.479469929855673 -0.001964045423045 0.877552556540958
2500050 -1.206707921578490 -0.022381392894718 -2.330477168251134 -0.002427511621710 0.482202004728697 -0.001890002660538 0.876054656806809
2516717 -1.194335943931166 -0.021915421254585 -2.348894525128347 -0.002367143751687 0.485119724197908 -0.001924359555111 0.874442420439967
2533384 -1.182197517015092 -0.023327629751716 -2.365315652131485 -0.002418648772830 0.488180756533659 -0.001780211585175 0.872737377413761
2550051 -1.170861861969687 -0.025003100258714 -2.380871276192474 -0.002518054847482 0.491325580490871 -0.001668127919162 0.870970751922439
2566718 -1.158375488188890 -0.023035387697851 -2.398173288739841 -0.002377131432033 0.494245558829347 -0.001945309562191 0.869316911485293
2583385 -1.145835828811377 -0.023601470378590 -2.415413894665646 -0.002478919703365 0.497188843171644 -0.002151428301450 0.867636145246964
2600052 -1.133991883621281 -0.025443176685576 -2.430893858970503 -0.002629970983917 0.500336453782670 -0.002148685806764 0.865824404494416
2616719 -1.122305196578153 -0.025860409578549 -2.445977129164930 -0.002677364540563 0.503461938665659 -0.002180708580436 0.864010504880711
2633386 -1.107937576162893 -0.026689191111005 -2.462996980285095 -0.002740161371764 0.506265309841922 -0.002107543575761 0.862370851679482
2650053 -1.093447091943054 -0.025613471378894 -2.479306884425729 -0.002630781381900 0.509144635318942 -0.002187122610268 0.860674175173131
2666720 -1.079004365777709 -0.026199870132650 -2.495589369174924 -0.002630285475044 0.512026892151638 -0.002119461679696 0.858962776372785
2683387 -1.063752696558354 -0.025556473030754 -2.512030428593123 -0.002555867942784 0.514857821836790 -0.002163192615870 0.857269042617451
2700054 -1.049259733737823 -0.027186394749726 -2.527558783194450 -0.002719993577533 0.517784652720273 -0.002129469934367 0.855504015420198
2716721 -1.033828156033699 -0.028424793278162 -2.544175545160623 -0.002839523983137 0.520531524015357 -0.002057881323997 0.853835250346491
2733388 -1.019442217536154 -0.023791817322314 -2.558744200574550 -0.002532185523791 0.523543713615144 -0.002457490571622 0.851991507416962
2750055 -1.004740894447390 -0.022328689154646 -2.571765761822009 -0.002368996398369 0.526740073649078 -0.002622952884452 0.850019060248883
2766722 -0.990446614845823 -0.024827341335389 -2.586046136522531 -0.002558759497462 0.529895215625130 -0.002588095854961 0.848055313624811
2783389 -0.976094380769427 -0.023579181378437 -2.599436093163816 -0.002480209169937 0.532998917571593 -0.002771494374504 0.846107748013759
2800056 -0.960610418947736 -0.022608988952665 -2.614130664395123 -0.002368905906280 0.535899408792205 -0.002862717337201 0.844273662262669
2816723 -0.944169485703827 -0.026019527999993 -2.629856355486741 -0.002595176156367 0.538610627525487 -0.002605437410648 0.842546775362186
2833390 -0.926648545093405 -0.027293287907776 -2.645403550916264 -0.002628288640360 0.541212746277488 -0.002404274282535 0.840878156947115
2850057 -0.909774965344200 -0.027502243021289 -2.658376113015588 -0.002645721003308 0.544108494211579 -0.002410805461186 0.839007231616158
2866724 -0.892867750568710 -0.028998992133285 -2.673825499753377 -0.002743923807882 0.546776473467672 -0.002351751637401 0.837270821304928
2883391 -0.875660796253992 -0.029893706951895 -2.688116346620090 -0.002787679991352 0.549515488634452 -0.002290874037387 0.835475737820824
2900058 -0.859721573736700 -0.030072672128544 -2.698932071145660 -0.002759088397840 0.552585407064842 -0.002251050663848 0.833448671545588
2916725 -0.842116750600890 -0.028451903075901 -2.711536273954061 -0.002616867572792 0.555426393571806 -0.002396711757583 0.831558133326032
2933392 -0.823851075978531 -0.030761166821182 -2.726362459384319 -0.002804293973325 0.558018672782435 -0.002229204743441 0.829820659785988
2950059 -0.805364666207620 -0.032585742524458 -2.738948205073057 -0.002936311182577 0.560731787252895 -0.002097451757434 0.827989638544432
2966726 -0.785845726807913 -0.032640674807723 -2.753132284753689 -0.002945302815370 0.563288967666633 -0.002148845126290 0.826251926812282
2983393 -0.766932718724701 -0.032977621280512 -2.765897155215496 -0.002972441714146 0.565934756281092 -0.002165827838288 0.824441826579105
3000060 -0.747458492376284 -0.031607035088234 -2.779033156254551 -0.002836732843361 0.568514791730679 -0.002242501402531 0.822665093289887
3016727 -0.728817397233752 -0.031809251511525 -2.790975516195487 -0.002839802728348 0.571237867511445 -0.002235205185905 0.820776606695889
3033394 -0.710508888998246 -0.030118581247208 -2.800316141367147 -0.002666515607381 0.574153504680045 -0.002342919048702 0.818739979168276
3050061 -0.692472011546213 -0.030416307686397 -2.811936645838922 -0.002676142109052 0.576992280465373 -0.002389029437227 0.816741721161059
3066728 -0.673333045924232 -0.032199276466098 -2.822714881144448 -0.002768223891766 0.579781527278408 -0.002279275887191 0.814764090068182
3083395 -0.654381378651905 -0.032269567651225 -2.833528747935882 -0.002795608122920 0.582507275736516 -0.002330614904446 0.812817338965781
3100062 -0.634305987668069 -0.032440168140001 -2.845178925802508 -0.002847438109199 0.585064420574605 -0.002385790986568 0.810978312826727
3116729 -0.614737576648107 -0.032997059771606 -2.854773349003644 -0.002850690241439 0.587796132328288 -0.002356788744876 0.809000634073833
3133396 -0.594900017108857 -0.032578805173540 -2.864611660003966 -0.002831869913757 0.590462921861023 -0.002477061505024 0.807055997181383
3150063 -0.574878621392406 -0.032829201765082 -2.874997868917764 -0.002853595347482 0.593058375473422 -0.002534306441044 0.805150419216982
3166730 -0.555144782764395 -0.033343721270527 -2.884441958387268 -0.002888445671605 0.595722555835715 -0.002571722949277 0.803180975615856
3183397 -0.535099744942898 -0.033078223876689 -2.893047054417931 -0.002820176153529 0.598453330783567 -0.002590678946538 0.801148516732768
3200064 -0.515301411034906 -0.032896355234010 -2.900514564800271 -0.002799085549576 0.601240881119504 -0.002588834715872 0.799058737468994
3216731 -0.495368137485256 -0.032127600408742 -2.908258823938715 -0.002723862120092 0.603963599359425 -0.002662860238270 0.797002798238068
3233398 -0.475394190300748 -0.031950829141359 -2.916419392175818 -0.002689093677436 0.606637505434989 -0.002726880555569 0.794969351545859
3250065 -0.455460659054477 -0.031666288834469 -2.923666970468720 -0.002694272906448 0.609339015637645 -0.002871389165204 0.792900031554744
3266732 -0.435318039019060 -0.031338983048755 -2.930654940731969 -0.002676114050432 0.612009220551620 -0.002969599623473 0.790840523652819
3283399 -0.415062602406581 -0.031583490173405 -2.937826296202505 -0.002691642860467 0.614653517863071 -0.002924930917995 0.788787203760550
3300066 -0.394759127797785 -0.031699828742706 -2.944143178780192 -0.002682914191495 0.617364879464422 -0.002909677303655 0.786666982498509
3316733 -0.374749774026263 -0.031490169977078 -2.950422101935400 -0.002655044412049 0.620053006502121 -0.002871637490478 0.784550172751861
3333400 -0.354757047633895 -0.029749746072454 -2.955677083407239 -0.002490334344202 0.622821846765101 -0.003134791276554 0.782353448583577
3350067 -0.333995974993093 -0.028247455835329 -2.962216928699786 -0.002356517513437 0.625389514623694 -0.003325951237492 0.780302082447763
3366734 -0.313158854225614 -0.026842631197135 -2.967416309334767 -0.002204460976119 0.628060442012143 -0.003486782559114 0.778153624857394
3383401 -0.292369767433815 -0.025552844353785 -2.971882997730087 -0.002064446084267 0.630763676387557 -0.003579461661670 0.775963987609368
3400068 -0.271200316110065 -0.025865165363978 -2.976676307345077 -0.002067697724558 0.633365824580841 -0.003529843226790 0.773841713198472
3416735 -0.249918569916535 -0.026228478614418 -2.980790144073961 -0.002081110079752 0.636012628584263 -0.003492115057925 0.771667940499406
3433402 -0.229023937012369 -0.025867495025141 -2.985551047745226 -0.002060218902092 0.638582530045106 -0.003641232226806 0.769541973674690
3450069 -0.207499352222005 -0.024582417084644 -2.989842929833546 -0.001901221779894 0.641121457036988 -0.003774390676276 0.767427792471406
3466736 -0.185889579974636 -0.023546610827045 -2.993991640989822 -0.001775914912199 0.643654600135225 -0.003870276238918 0.765304268126621
3483403 -0.164621361239695 -0.024775473223649 -2.997084205529523 -0.001853267284574 0.646277797871844 -0.003758152078514 0.763090721782965
3500070 -0.143602099827239 -0.025084845875660 -2.999355614500720 -0.001870309669601 0.648940682357339 -0.003777607568277 0.760827327587798
3516737 -0.122404882704254 -0.025116266120707 -3.001058623532471 -0.001865241264596 0.651638997308539 -0.003793804337585 0.758517465263915
3533404 -0.101078763948372 -0.025063646733495 -3.002487620382230 -0.001845547918510 0.654297867713417 -0.003826651070802 0.756225000248034
3550071 -0.080333131849735 -0.024223002781537 -3.004030266779036 -0.001734425495706 0.656921925869765 -0.003951866017630 0.753946256595745
3566738 -0.058834894475344 -0.023740275720267 -3.005529570106562 -0.001642306186127 0.659508390262647 -0.003969331566514 0.751684927619597
3583405 -0.038613098729058 -0.023194907282153 -3.005905092215004 -0.001518105910518 0.662203940520632 -0.003967824127603 0.749311612671980
3600072 -0.015835170791723 -0.023796482219225 -3.009180331118502 -0.001561675416056 0.664468662872858 -0.003957640672432 0.747304017325050
3616739 0.004841715583685 -0.023532518462243 -3.008120585602853 -0.001516731133530 0.667194368212045 -0.003999311466478 0.744871384911915
3633406 0.026867167613605 -0.024071642510685 -3.009439978801039 -0.001526517292948 0.669606864679634 -0.003924649633266 0.742703785936305
3650073 0.048853977769722 -0.024329679022086 -3.009001414145865 -0.001538571589509 0.672169979040621 -0.003912586429554 0.740384929439697
3666740 0.070309926202378 -0.024401511744198 -3.007901764416541 -0.001529654326781 0.674782511900308 -0.003890756783467 0.738004799308788
3683407 0.091863283537718 -0.024914917067106 -3.008370452035103 -0.001554049361318 0.677198933648243 -0.003859104003945 0.735788214442548
3700074 0.113184910117958 -0.026511319062322 -3.007684990172979 -0.001746254803219 0.679696824526069 -0.003766291608431 0.733481419240366
3716741 0.134572572528365 -0.025748487009353 -3.006452430870287 -0.001663322993687 0.682187172612868 -0.003929929230819 0.731165132193351
3733408 0.156111470374208 -0.026233910777582 -3.004892802019801 -0.001705904507579 0.684676216013757 -0.003904982833014 0.728834906013679
3750075 0.177908327155936 -0.025508596466643 -3.003792829271613 -0.001635160771388 0.687076137087963 -0.003998444812596 0.726572584490094
3766742 0.199736786211648 -0.024031286132759 -3.003175299278283 -0.001412637799257 0.689318246747949 -0.004108905264827 0.724445633607041
3783409 0.221446568371391 -0.023216938459472 -3.001941647044816 -0.001268115821488 0.691619784773380 -0.004207475071751 0.722248407645048
3800076 0.242898840710865 -0.023411685165201 -2.999491399937147 -0.001224831555044 0.694029717659629 -0.004140046574587 0.719933407203276
3816743 0.264487029663894 -0.024321504034413 -2.996729264026023 -0.001338534299821 0.696454724535536 -0.004080315782801 0.717587887314977
3833410 0.285226977235532 -0.024967784015156 -2.991282493881969 -0.001391595652808 0.699169560594857 -0.004034428801548 0.714943153253026
3850077 0.306234003635745 -0.023489226738029 -2.987121792041191 -0.001250959440127 0.701669224721918 -0.004318131476777 0.712488658098619
3866744 0.327520107050361 -0.025265851573839 -2.983064058215107 -0.001430769309396 0.704158572167167 -0.004101931584679 0.710029458755026
3883411 0.348100042678377 -0.025300063100011 -2.978084142949594 -0.001393309122270 0.706677422917468 -0.004060503740449 0.707522855417258
3900078 0.368871589811822 -0.024855757830815 -2.975084870930123 -0.001369539739952 0.708907062647560 -0.004255963990884 0.705287733949640
3916745 0.390409729974560 -0.021673556455430 -2.972375336108740 -0.000869565649444 0.710967812394754 -0.004546932321524 0.703209313789758
3933412 0.412323792377067 -0.021995668230053 -2.967716745495508 -0.000890058822397 0.713271847849594 -0.004473430649293 0.700872646975715
3950079 0.433407739922244 -0.020146047857271 -2.965286523841914 -0.000616564861941 0.715323144531007 -0.004711533097250 0.698777661493209
3966746 0.454604187052043 -0.018992179706627 -2.959338413541958 -0.000384584333807 0.717754491967203 -0.004819826098955 0.696279477388332
3983413 0.475447650872532 -0.017877444626769 -2.951724350160053 -0.000188311664839 0.720366268226089 -0.004935152713603 0.693576274398447
4000080 0.495852079049168 -0.017898425962549 -2.946545796917515 -0.000160207139402 0.722652885397811 -0.004996914883751 0.691193035556302
4016747 0.516181815577341 -0.017065448069925 -2.939284130000420 -0.000000687850596 0.725103014116200 -0.005114779508571 0.688621418451174
4033414 0.537162250609258 -0.016499871055463 -2.933736997472824 0.000135709346229 0.727292052605619 -0.005163879378320 0.686308666817960
4050081 0.557828344942471 -0.016614901592078 -2.927688666580810 0.000157196337156 0.729480362483221 -0.005154378027186 0.683982315873600
4066748 0.578477938747761 -0.017234667992247 -2.921713771988828 0.000046786430260 0.731599005875442 -0.005083158453511 0.681716256160311
4083415 0.598194773787005 -0.018185589317041 -2.912606152110047 -0.000115008726332 0.734137652101668 -0.004998806473860 0.678982257848818
4100082 0.618523036715426 -0.018362866262094 -2.905725350889535 -0.000151290193515 0.736280611201596 -0.005018820495660 0.676657705284374
4116749 0.637947104083514 -0.019152669758343 -2.895579439478194 -0.000263615107955 0.738826514849797 -0.004914937919151 0.673877700215127
4133416 0.657885683306676 -0.018693978844264 -2.886646146375436 -0.000197736953893 0.741166171333872 -0.004957951158691 0.671303274303570
4150083 0.675904291885263 -0.018906957710790 -2.875181605799816 -0.000183050284087 0.743982866107051 -0.004986643414991 0.668180061674384
4166750 0.694290845935564 -0.019261592838647 -2.864620521249374 -0.000241836423846 0.746590767166895 -0.004906601874331 0.665265430602206
4183417 0.713716741834111 -0.021361932622441 -2.853308880769462 -0.000588376779168 0.749133676474545 -0.004617595740233 0.662402495763775
4200084 0.732689983276751 -0.022942246150994 -2.845170639303135 -0.000753209706974 0.751246616995467 -0.004357122209631 0.660006794369614
4216751 0.751933176228078 -0.020542616751137 -2.835443239238435 -0.000339295471912 0.753506187699916 -0.004734179549215 0.657423681898148
4233418 0.770628844590178 -0.019631292234426 -2.825257141857537 -0.000229725100431 0.755739380165368 -0.004912843018088 0.654854029893016
4250085 0.789163917041595 -0.018291878352661 -2.813874522178943 0.000059141491657 0.758075761143661 -0.005116224829291 0.652146426128549
4266752 0.807814466644896 -0.015986378688902 -2.802361073176794 0.000459289440241 0.760407039871786 -0.005378464570758 0.649424356553940
4283419 0.825864819282027 -0.016297312412084 -2.791551026613871 0.000402094414230 0.762634842508160 -0.005399415207051 0.646806602956446
4300086 0.844024280898499 -0.016822635721690 -2.780213253227623 0.000331273233001 0.764860364428935 -0.005283109158409 0.644174356786501
4316753 0.862764941252587 -0.016599944069560 -2.770239978028570 0.000345575343557 0.766805096732783 -0.005299117560318 0.641858040033302
4333420 0.881995361146527 -0.020119562753519 -2.756394353856064 -0.000436556877500 0.769221240608502 -0.004789144965407 0.638964440720538
4350087 0.900124652241568 -0.021248303365163 -2.742929705739513 -0.000662477617629 0.771553018575249 -0.004643899520278 0.636147730364632
4366754 0.917108165824211 -0.020618449874875 -2.729511749296712 -0.000494745956644 0.773925836540646 -0.004759722880999 0.633258162047198
4383421 0.934651668971100 -0.020078688419639 -2.716635101354672 -0.000376864619216 0.776171023834716 -0.004816199012360 0.630503928583718
4400088 0.952128999136715 -0.020203977490523 -2.703758441386526 -0.000419459587964 0.778331638205038 -0.004827935807838 0.627834672552059
4416755 0.969162918383788 -0.019767211120168 -2.690776623536214 -0.000283803056491 0.780435321097519 -0.004871664466186 0.625217478901995
4433422 0.985842413566135 -0.019780362949200 -2.677193404177632 -0.000289917321218 0.782549197408110 -0.004862004042978 0.622569699311295
4450089 1.002565080951323 -0.019913914539173 -2.664253549591398 -0.000195484871077 0.784575749993165 -0.004830809019194 0.620014126929821
4466756 1.019639554258231 -0.020090107181176 -2.650738311598109 -0.000268266498539 0.786587503073972 -0.004803626260583 0.617460082285235
4483423 1.036338739766726 -0.021240046111695 -2.636993459904033 -0.000513105759476 0.788594852460885 -0.004642543087935 0.614895391256392
4500090 1.052898698622690 -0.020896418118721 -2.623362358404908 -0.000456449119231 0.790554725246495 -0.004690007356856 0.612373270053187
4516757 1.069103340587566 -0.020591999859421 -2.609463185230533 -0.000437042147270 0.792472414392968 -0.004758331990735 0.609889038839859
4533424 1.084850052348605 -0.019768623944971 -2.594910942724655 -0.000172906487196 0.794502474178986 -0.004843106338598 0.607241577090873
4550091 1.100421409019499 -0.019926385236254 -2.580909330854824 -0.000197947838441 0.796375984164932 -0.004835604976435 0.604782497751466
4566758 1.115521670891728 -0.020114455267113 -2.566347721075186 -0.000185622493228 0.798347421637482 -0.004793309942484 0.602178033548942
4583425 1.130483325544411 -0.020023288748289 -2.551321601286857 -0.000134252410327 0.800362384095604 -0.004808471502923 0.599497218261183
4600092 1.145058015450031 -0.020247453847014 -2.536399116004506 -0.000150892957187 0.802338419417436 -0.004762931106272 0.596850360178599
4616759 1.159873605850853 -0.019628342066790 -2.520407312905696 -0.000011851867314 0.804408919789490 -0.004841131213883 0.594056270963625
4633426 1.174266112745794 -0.019976802726084 -2.504018576888575 -0.000069223059266 0.806474970234315 -0.004733132954752 0.591249283336700
4650093 1.188226594652818 -0.019049823666849 -2.488232500089533 0.000175695397081 0.808472984495448 -0.004891193805170 0.588512938426430
4666760 1.202196166892811 -0.019538967965149 -2.472162748303336 0.000083847369204 0.810428171702467 -0.004829470933210 0.585818101197906
4683427 1.215867376828825 -0.018958831433256 -2.455302446783416 0.000222464695886 0.812448751634118 -0.004900476609318 0.583011973982202
4700094 1.229198652181009 -0.018092647215146 -2.438776934180309 0.000448205956627 0.814416766200179 -0.005090039882120 0.580257892266414
4716761 1.242252152489457 -0.016572719537660 -2.422410093620879 0.000859790415017 0.816348590798446 -0.005318809538683 0.577534370688814
4733428 1.255568282337236 -0.016049821184319 -2.405020079111250 0.000971204427818 0.818434131221135 -0.005374621275926 0.574574401675193
4750095 1.267910587026805 -0.016455885293206 -2.388394016469549 0.000886948084134 0.820308115400335 -0.005294038675451 0.571896653501268
4766762 1.280115206289420 -0.017043483465341 -2.370944244361842 0.000751458234737 0.822273945506448 -0.005207808709503 0.569067546588474
4783429 1.291871158357981 -0.017005491239324 -2.353852326332468 0.000697216378814 0.824144483901596 -0.005219645427389 0.566355134915810
4800096 1.303772301287944 -0.017083380908202 -2.335660279757362 0.000641216374133 0.826117444756703 -0.005202617882663 0.563473592173922
4816763 1.315365823275964 -0.017479735555089 -2.317761364943283 0.000556410486888 0.828022773547859 -0.005093893840886 0.560671052524579
4833430 1.326773619419608 -0.016931710850446 -2.299344071081856 0.000637537696197 0.829963924402700 -0.005155081602504 0.557792885280394
4850097 1.338435203306828 -0.016994040346967 -2.280833748488113 0.000647258872191 0.831893381172162 -0.005115308505104 0.554911539830266
4866764 1.349854172339688 -0.016964577764407 -2.262046330716878 0.000616988820253 0.833824907978934 -0.005091620948233 0.552005178920304
4883431 1.360144731468955 -0.018365893383183 -2.244341792040442 0.000114684698362 0.835580963631955 -0.004812615756537 0.549346228523408
4900098 1.370679137845837 -0.018569643023830 -2.225836598310338 -0.000009759964130 0.837417775548621 -0.004745334801637 0.546542725592028
4916765 1.381325345837254 -0.018277581502211 -2.206149850653280 0.000034559289306 0.839387647794497 -0.004786276121158 0.543512159106463
4933432 1.391153600718216 -0.018975445164937 -2.187278191562569 -0.000122728264697 0.841224870404382 -0.004678904596771 0.540665155343563
4950099 1.400845685417041 -0.018992610339551 -2.168083519225885 -0.000113026353781 0.843071066754797 -0.004649806841640 0.537782058944241
4966766 1.410094339700995 -0.018789382114691 -2.149130491222706 -0.000076392812843 0.844856731561281 -0.004658287458954 0.534972333544154
4983433 1.418980965364312 -0.019034426714210 -2.129961597778322 -0.000197547760956 0.846659163398157 -0.004572314862853 0.532115885823389
5000100 1.427617207585652 -0.018411171358574 -2.110345238475561 0.000083771502093 0.848426694202476 -0.004723412492605 0.529291816412665
5016767 1.436294757660146 -0.018448421557740 -2.090221772103425 0.000105843828974 0.850280232347799 -0.004703954874844 0.526309213375741
5033434 1.444324566307813 -0.018115427300941 -2.070601631670550 0.000170048612520 0.852020928818815 -0.004744737734506 0.523486194089227
5050101 1.452278004301421 -0.018177079924808 -2.050648322949941 0.000181605734669 0.853796752608109 -0.004718349279508 0.520585064552645
5066768 1.460208211848864 -0.018018476208110 -2.030388274595321 0.000226953958978 0.855590266608338 -0.004722266406729 0.517632055012977
5083435 1.467438034141116 -0.017464207427818 -2.010582436780194 0.000373941131828 0.857290688480985 -0.004819470414944 0.514809973016013
5100102 1.474548864478951 -0.017648046799514 -1.990557188500440 0.000321779163067 0.859020286743555 -0.004790794756997 0.511919028467185
5116769 1.481130338984282 -0.018332246498201 -1.970028102889881 0.000178666736331 0.860778225907468 -0.004626873982238 0.508959139734166
5133436 1.487561210161662 -0.017917646751170 -1.949717152262305 0.000292108308268 0.862485932510430 -0.004705659163039 0.506059075273028
5150103 1.493548530618195 -0.017808449409352 -1.929538743663163 0.000322794352545 0.864148505871455 -0.004704853161516 0.503214785117316
5166770 1.499490823080210 -0.017592313020820 -1.908882881144121 0.000342911666197 0.865851362405296 -0.004747443194266 0.500278684750409
5183437 1.504825932864787 -0.017598988641876 -1.888185842849900 0.000353177189156 0.867530195696240 -0.004729766771116 0.497361904579962
5200104 1.510385354103818 -0.016985920841959 -1.867617737219886 0.000533984505497 0.869217802331760 -0.004803287144059 0.494405759880187
5216771 1.515311739577077 -0.017029754496284 -1.847147692554652 0.000244445880174 0.870923083852589 -0.004701793041760 0.491396800357004
5233438 1.520125841827874 -0.016822618496849 -1.826356043167130 0.000228526659299 0.872608038581263 -0.004718847369870 0.488398291621118
5250105 1.524231086109691 -0.016927744553349 -1.805595913163401 0.000203161957838 0.874235109009729 -0.004685113584508 0.485480156763040
5266772 1.528002961061535 -0.016675256071551 -1.784968628986672 0.000233019643012 0.875814430067345 -0.004722105532351 0.482624835153559
5283439 1.532352924991556 -0.016349649733739 -1.763718175344090 0.000184839659553 0.877506348869401 -0.004776138125174 0.479541199515540
5300106 1.535505971997998 -0.015826630013770 -1.743091101317969 0.000301854174104 0.879066621236268 -0.004808708865112 0.476674585678069
5316773 1.538769819673371 -0.015800339212602 -1.721927268403606 0.000272429575119 0.880687584807956 -0.004825732901497 0.473672899846739
5333440 1.541792605582921 -0.015476446401768 -1.700638205957237 0.000306587179463 0.882311443899341 -0.004819444750778 0.470641259263206
5350107 1.544141852304866 -0.015230366410968 -1.679536647660456 0.000360768200624 0.883892821599803 -0.004794955945824 0.467664792525717
5366774 1.546144222344095 -0.015926153513736 -1.658136122650480 0.000194300145761 0.885454914157783 -0.004661365638734 0.464701871000826
5383441 1.548314209509761 -0.015898522102973 -1.636303874451438 0.000135567306621 0.887094773486838 -0.004640811573802 0.461563979684049
5400108 1.549608072042177 -0.015380815505991 -1.615387504182636 0.000286187602162 0.888611318196203 -0.004693399530775 0.458636910061879
5416775 1.550748951361260 -0.015581110053391 -1.594219631540794 0.000326704415121 0.890148657850359 -0.004621198267506 0.455646688474746
5433442 1.553213784869808 -0.015122881647657 -1.571269659206761 0.000619559897490 0.891904100806538 -0.004664926275115 0.452200099041190
5450109 1.553847094436872 -0.014599500855122 -1.549895419933497 0.000726796644967 0.893423975283779 -0.004663119173722 0.449189634201791
5466776 1.555128937153134 -0.015474940517323 -1.528343698723105 0.000339693630995 0.895075557055463 -0.004445742143295 0.445892214718854
5483443 1.554555654482701 -0.015609271343707 -1.508029372838806 0.000223500613007 0.896458081338821 -0.004368342424401 0.443106957781368
5500110 1.553856924694734 -0.015748769763060 -1.487408150922548 0.000102638685399 0.897860768026142 -0.004331570498418 0.440258183571668
5516777 1.553704468405150 -0.015544615355262 -1.465624478558036 0.000177461887953 0.899394292420479 -0.004341104540257 0.437116723633533
5533444 1.553142515335085 -0.015510473528795 -1.444363645464672 0.000182630984603 0.900871098225774 -0.004330464842244 0.434065062060588
5550111 1.551602439227786 -0.015426081349270 -1.423137223190383 0.000093512830953 0.902288312245873 -0.004356842472209 0.431111135049323
5566778 1.549917068660574 -0.014469699455786 -1.401910307224878 0.000325382687546 0.903711901670362 -0.004507479811238 0.428117245075687
5583445 1.548723641986745 -0.014278887729747 -1.380261762478589 0.000476436473707 0.905212535707254 -0.004494191282782 0.424935101458379
5600112 1.547012410934881 -0.014204511433036 -1.358981569338509 0.000405617068877 0.906669533009514 -0.004496740968413 0.421817463730186
5616779 1.544533455295094 -0.014371423891569 -1.337677220746492 0.000356164930268 0.908078951092928 -0.004424611060956 0.418775494203601
5633446 1.541842042932047 -0.013721293426241 -1.316544038514306 0.000486081347583 0.909466509860830 -0.004465027401220 0.415752925061016
5650113 1.538841847990655 -0.014311173521189 -1.295704524052538 0.000322622013300 0.910863720250169 -0.004338799238531 0.412684327141492
5666780 1.535568323519975 -0.013323645115875 -1.275317582798524 0.000434692171447 0.912202140833917 -0.004481283109143 0.409715734872888
5683447 1.531747641530860 -0.012719520750624 -1.254632837012944 0.000484797862862 0.913533281888048 -0.004529123216304 0.406738484651717
5700114 1.527720460390091 -0.012102635269432 -1.233689165837627 0.000529815264646 0.914883362622578 -0.004598321829197 0.403691723383755
5716781 1.523339122397510 -0.011513965903609 -1.212830727667360 0.000485030703676 0.916213415089139 -0.004704730725231 0.400662711347983
5733448 1.519542450293718 -0.011733362159527 -1.191848399474806 0.000389339555228 0.917591839278315 -0.004613957721688 0.397496888413850
5750115 1.514681792881492 -0.011988256843195 -1.171241039415615 0.000281337615915 0.918896974967530 -0.004547040628269 0.394471284970395
5766782 1.509139253651814 -0.011672737547397 -1.150914646606325 0.000323731075026 0.920172128689334 -0.004545015106200 0.391487536990918
5783449 1.504203521148731 -0.011955075304668 -1.130006988244782 0.000183557407896 0.921521833417073 -0.004502032280108 0.388300410182199
5800116 1.498722047161358 -0.011650172324398 -1.109716824027093 0.000100287575516 0.922821015364299 -0.004524873950516 0.385202400122505
5816783 1.492977772144528 -0.012174033052557 -1.088993985667887 0.000033783467454 0.924135222603724 -0.004369154801194 0.382040573353363
5833450 1.487275176158774 -0.011677568574133 -1.068526276665407 0.000282280522410 0.925455227453040 -0.004411060583791 0.378831208907179
5850117 1.480910227050870 -0.011296985548489 -1.047571514998332 0.000343608177691 0.926786226333435 -0.004460383171424 0.375562614744885
5866784 1.474440165787822 -0.011188960739622 -1.026845880488656 0.000335264038953 0.928099734455717 -0.004457746691688 0.372304846860318
5883451 1.467577965802175 -0.010943857760759 -1.006140476613822 0.000339454937850 0.929413791133020 -0.004462903076159 0.369012157141503
5900118 1.460478390892728 -0.010905711178618 -0.986341431769144 0.000324482714796 0.930664702280231 -0.004443769388740 0.365846087247406
5916785 1.452911670569554 -0.011208889995311 -0.966901255543071 0.000245371913897 0.931876930739193 -0.004408277763134 0.362747698594890
5933452 1.445400672651309 -0.010325896956759 -0.947364669555845 0.000398187673293 0.933114583331811 -0.004527256412589 0.359550441203251
5950119 1.437361722120690 -0.009926049537137 -0.927645805190289 0.000401782259135 0.934340829727622 -0.004597778564119 0.356350828408172
5966786 1.428678315625239 -0.009975207168665 -0.908202530837607 0.000368150336764 0.935519090005459 -0.004582230863336 0.353246231205660
5983453 1.420792780055062 -0.009033893686401 -0.888112461280133 0.000655269046597 0.936782126566491 -0.004567656089251 0.349882772490859
6000120 1.412017166769974 -0.008678983733006 -0.868774034378733 0.000721546638996 0.937973194004895 -0.004616129890616 0.346676301531467
6016787 1.402546247721918 -0.008231286807095 -0.849692654813131 0.000821314932673 0.939131162851704 -0.004638758824074 0.343526514725078
6033454 1.393162848312499 -0.007038187891947 -0.830568383047779 0.001045443201175 0.940288348632786 -0.004775698481647 0.340343827882855
6050121 1.383771988305771 -0.006946703372089 -0.811942469768136 0.001096953523521 0.941440020723980 -0.004736038431061 0.337145449342236
6066788 1.374014851119699 -0.006721292572261 -0.793469960066160 0.001089583091348 0.942560849000278 -0.004772551437271 0.333998624987200
6083455 1.363609071599795 -0.006292764335602 -0.774153880476422 0.001192870458960 0.943713865773138 -0.004783219456756 0.330726227292630
6100122 1.353091434596561 -0.005941874599676 -0.755048912329943 0.001281815593251 0.944881106646781 -0.004774383638642 0.327376322466378
6116789 1.342481933041406 -0.006376583214725 -0.736758131280017 0.001253255683856 0.946004624016479 -0.004666435362535 0.324117116287676
6133456 1.331449747778658 -0.005531836217014 -0.718756970400151 0.001281539420817 0.947091659139033 -0.004817981963171 0.320924498746650
6150123 1.320896650873311 -0.005587450163455 -0.700179100337994 0.001204536756203 0.948228560526312 -0.004771031007721 0.317550599679051
6166790 1.309917370427431 -0.006146462237819 -0.681705007223567 0.001119720296798 0.949346658958682 -0.004643221982288 0.314194379071408
6183457 1.298327235501690 -0.005307871834061 -0.663444549233738 0.001249489870767 0.950448172776382 -0.004674711286704 0.310845390371944
6200124 1.285858072510285 -0.005270479259642 -0.646197691562196 0.001231221462593 0.951476314749610 -0.004631084353236 0.307684675637129
6216791 1.274177922912762 -0.005892867282679 -0.628828309941168 0.001007531617572 0.952534157412318 -0.004584025085684 0.304395549502385
6233458 1.263278068841128 -0.005943549820006 -0.611238940374456 0.000934165541740 0.953638920986477 -0.004578566494427 0.300916886271515
6250125 1.250426272275984 -0.005610131666978 -0.593278277054334 0.000907865260765 0.954698428801606 -0.004596872780572 0.297538156519550
6266792 1.237886824804334 -0.006384325492703 -0.576272858504161 0.000757053332050 0.955730276869333 -0.004478587559646 0.294209121202914
6283459 1.224449839276553 -0.006436087430054 -0.559728927636648 0.000702866001111 0.956716904774118 -0.004503793280201 0.290984511520638
6300126 1.210913342026798 -0.006254612717332 -0.543203045417968 0.000644606135182 0.957707563881297 -0.004594306229618 0.287705924370267
6316793 1.197179562828439 -0.006219660473689 -0.526963908855876 0.000632808815846 0.958688624453749 -0.004573654149457 0.284420116348515
6333460 1.183187908550262 -0.006216620890134 -0.510814139266970 0.000697443792685 0.959643825073938 -0.004488801212831 0.281181601875530
6350127 1.168070795833811 -0.004907017216146 -0.495620195236170 0.000975065692489 0.960522909417736 -0.004532651401670 0.278162263439624
6366794 1.153436431097727 -0.005464103099564 -0.479504190433642 0.000737071065170 0.961489419385267 -0.004518859918922 0.274803808273213
6383461 1.139458856731527 -0.006341295917866 -0.463263839456427 0.000578193330222 0.962477282144426 -0.004391166172817 0.271326122420962
6400128 1.124676822304391 -0.006753369717324 -0.447521481175869 0.000438898177321 0.963421193803316 -0.004386106755302 0.267955542518744
6416795 1.110121456433608 -0.006763079907028 -0.431974225352261 0.000284620266714 0.964367395381062 -0.004477827984856 0.264528627512768
6433462 1.094661644141629 -0.006606094221534 -0.417299845207320 0.000382807224509 0.965239516199563 -0.004412823099303 0.261329402895573
6450129 1.079292165544318 -0.005688242422033 -0.402483631290077 0.000477851795916 0.966134317326871 -0.004534609589385 0.257999398946730
6466796 1.063359212381814 -0.005256623158127 -0.388462121218893 0.000527997711835 0.966976399552991 -0.004553616864217 0.254824701509498
6483463 1.047604306785251 -0.004037046219183 -0.374712544403596 0.000746632369109 0.967821595958617 -0.004621121937065 0.251593811864012
6500130 1.030794785836882 -0.003830043247510 -0.361459395479476 0.000751156092191 0.968626726706158 -0.004648802640433 0.248475529396860
6516797 1.014025166970981 -0.003391773646950 -0.347764628274289 0.000763329603432 0.969453644787288 -0.004700156979048 0.245228376133211
6533464 0.997684668300687 -0.002926531196906 -0.334813160841138 0.000876654099178 0.970266775125876 -0.004702382153858 0.241990710909536
6550131 0.980917083246670 -0.002689728782863 -0.321632892643348 0.000885523829673 0.971078507264032 -0.004730030678293 0.238711908767008
6566798 0.964281315324137 -0.002603988058999 -0.308246560091630 0.000882936728764 0.971907516074734 -0.004703359203099 0.235314425890936
6583465 0.947801023214801 -0.003591589645483 -0.295588119343917 0.000686116514447 0.972720145988500 -0.004633119418193 0.231934432624174
6600132 0.931075312809279 -0.002789032616034 -0.283528942146722 0.000775936521546 0.973501395304479 -0.004700069448229 0.228631451488918
6616799 0.913599670030574 -0.003362263133482 -0.270814149375029 0.000637082855369 0.974290004454597 -0.004657804005371 0.225248498789989
6633466 0.895527199181123 -0.002445094693386 -0.258818323823646 0.000784401086615 0.975035745526306 -0.004718527508280 0.221996430509703
6650133 0.878400525538583 -0.001391048688532 -0.247311666908791 0.000876717281114 0.975795050603291 -0.004810410115092 0.218632363888458
6666800 0.859974748861555 -0.001262233708139 -0.235395054101073 0.000922333578070 0.976530546232787 -0.004796310579803 0.215323563457155
6683467 0.841730477221411 -0.000319485184121 -0.224458922873186 0.001088124149572 0.977239125725805 -0.004824182722859 0.212083083713804
6700134 0.823104225965738 -0.000870057526558 -0.213249119251788 0.000974256877408 0.977957108817166 -0.004751901334455 0.208749523523323
6716801 0.806056557099219 -0.001485471997302 -0.202201212303112 0.000982339424513 0.978696762132200 -0.004637347815043 0.205256370927786
6733468 0.787973023642550 -0.001677881866002 -0.191267566816090 0.001134976611156 0.979413734436870 -0.004433075504515 0.201811289243411
6750135 0.769313162624040 -0.000590485617473 -0.180882347625006 0.001312659412847 0.980099849714097 -0.004460297420902 0.198450667075188
6766802 0.750699624513121 -0.000569489607728 -0.171196041022948 0.001388480005745 0.980769410150348 -0.004387802556828 0.195115820540865
6783469 0.730916182914726 -0.000966199658191 -0.161744221726010 0.001304988742576 0.981406979388789 -0.004375066426837 0.191884070743552
6800136 0.711961415118553 -0.000953873097944 -0.152800994289695 0.001212446033774 0.982052197101893 -0.004437145880719 0.188553238843550
6816803 0.693401153529364 -0.000492994980876 -0.143175756448215 0.001255914516774 0.982708338855903 -0.004478541729938 0.185101826262657
6833470 0.673129825212241 -0.001341383777894 -0.134451272264758 0.001168394498797 0.983313838812203 -0.004350738805794 0.181861486650001
6850137 0.653807550029146 -0.002325888992649 -0.125568619993153 0.001083941716763 0.983941638306861 -0.004249949638989 0.178436586507450
6866804 0.634492129982519 -0.002044019425348 -0.116954118219571 0.001110600003862 0.984554123659915 -0.004252871485430 0.175025304559130
6883471 0.614158915383472 -0.002240340382124 -0.108536675862135 0.001091563154939 0.985140616280332 -0.004219185813233 0.171694417835174
6900138 0.594744259878369 -0.001197977898322 -0.100847405447586 0.001210576297980 0.985718543119831 -0.004305462348128 0.168341769174239
6916805 0.575028290035493 0.000082412363812 -0.093854584630333 0.001307027961210 0.986277570884700 -0.004415963216190 0.165031342830862
6933472 0.555711718000530 0.000803640831697 -0.086446972946374 0.001367594891605 0.986849518808996 -0.004475291502307 0.161573910878689
6950139 0.534835539292433 0.000454011576077 -0.079394187926856 0.001367673734599 0.987390642111365 -0.004424902176541 0.158234855768852
6966806 0.512813715197544 0.000217807654306 -0.073116476707270 0.001354060001570 0.987899728401410 -0.004369972128489 0.155026438034059
6983473 0.493289723705442 0.000931941077805 -0.066158607373320 0.001390595083593 0.988444126414345 -0.004452526108537 0.151513861456792
7000140 0.473052339172907 0.000425952389572 -0.060206352271267 0.001327116479761 0.988957747354869 -0.004425697862502 0.148125709811170
7016807 0.451348393499224 0.000632896031027 -0.054957120141961 0.001388364353682 0.989429496321371 -0.004383499280879 0.144941813110347
7033474 0.431420803318875 0.000500518422015 -0.048431021246474 0.001438388390702 0.989939937107486 -0.004338873062953 0.141414377412649
7050141 0.409308388110896 0.001088432197469 -0.044773459628348 0.001458324931404 0.990379322799961 -0.004378903559948 0.138302188928076
7066808 0.385374843115140 0.001620171097051 -0.042770768869013 0.001584090382315 0.990767015199552 -0.004311458864022 0.135497688440412
7083475 0.364579259680768 0.003445639660497 -0.039211876178454 0.001851532631779 0.991205245363790 -0.004384330935591 0.132247915040163
7100142 0.343517641292761 0.001922899565107 -0.034778729448520 0.001743994965160 0.991653858721993 -0.004253097740030 0.128846785458377
7116809 0.322451849099108 0.000840487785957 -0.030688695050773 0.001694613112678 0.992087172071596 -0.004150238324517 0.125470900288596
7133476 0.300382333098987 -0.000382474020873 -0.027619595367542 0.001692288330543 0.992493078780520 -0.003988833714472 0.122224031755498
7150143 0.277854623087660 -0.001440110726307 -0.025450025675127 0.001652664999833 0.992876254315703 -0.003838458252150 0.119076775874493
7166810 0.256418096776207 -0.001595567607454 -0.022824990945614 0.001532678259370 0.993266846023744 -0.003860322052464 0.115774441916375
7183477 0.236901034607189 -0.001391752772107 -0.020279434799619 0.001543202348580 0.993670205191330 -0.003871874077887 0.112259299982924
7200144 0.214890766815214 -0.001483690853565 -0.018483443921262 0.001638753509793 0.994032920277491 -0.003789946090633 0.109002312820273
7216811 0.192798623128413 -0.001466756967308 -0.015748105995442 0.001695201454858 0.994402365232891 -0.003739962950385 0.105579709169842
7233478 0.172230017384981 -0.000388849993869 -0.013892346563941 0.001777888273653 0.994761459173922 -0.003797939702139 0.102137427564405
7250145 0.151958877521345 0.000431165385789 -0.012042072621633 0.001790795659617 0.995112735856593 -0.003860219378565 0.098653609631177
7266812 0.130784413580935 0.001009019323335 -0.010925089930268 0.001824113937844 0.995442009602063 -0.003891879618404 0.095271881480231
7283479 0.108822345706702 -0.000454690562148 -0.009957116165583 0.001741086242018 0.995754411418359 -0.003765223821771 0.091956206148075
7300146 0.089109464411011 -0.001313175823403 -0.008287321119441 0.001696563120891 0.996081591833463 -0.003699275730248 0.088345341943777
7316813 0.069510725545056 -0.001166032211449 -0.007308920810418 0.001658670680847 0.996395693008502 -0.003703719830667 0.084729889797494
7333480 0.046038542077588 -0.003047194187659 -0.009577275439117 0.001639976244361 0.996646301373009 -0.003509203977619 0.081738276987362
7350147 0.025631289132945 -0.001607256930701 -0.010487530745631 0.001684703231255 0.996919363905097 -0.003609863224172 0.078332065806930
7366814 0.002998779582771 0.003218082159765 -0.012174387424713 0.001633140800584 0.997172177943834 -0.004114730826071 0.075020326419610
7383481 -0.017743830448459 0.004132583761571 -0.013087284242521 0.001598688610255 0.997422350869188 -0.004217831589662 0.071612206208105
7400148 -0.038797664151855 0.005114997560606 -0.014151232086226 0.001588917986468 0.997660951531728 -0.004318834350524 0.068201530762092
7416815 -0.057601954552291 0.005934002355051 -0.015102307066426 0.001618395094401 0.997903258399125 -0.004419075643151 0.064551835327807
7433482 -0.078321952728035 0.006076628830842 -0.017070674442004 0.001674801415762 0.998120847245749 -0.004448373987259 0.061091581273655
7450149 -0.099806226311731 0.006956640831311 -0.019726803591154 0.001700870072947 0.998321382983069 -0.004515079409500 0.057716006252116
7466816 -0.120897116915993 0.008558514260265 -0.022222122156543 0.001736152187321 0.998511443121450 -0.004649673910348 0.054316335145422
7483483 -0.141259057056741 0.010103254321989 -0.025004390778678 0.001756470214044 0.998694074596209 -0.004785778751115 0.050834599443244
7500150 -0.161887183425891 0.011004478209482 -0.028352483796145 0.001824924201982 0.998862350344741 -0.004859242622990 0.047403190573719
7516817 -0.182757668230313 0.009542046351976 -0.031664413548449 0.001866332707027 0.999017658556758 -0.004698423539472 0.044024533049690
7533484 -0.204919668936454 0.009420004104082 -0.035072684552975 0.001877690104467 0.999158323958485 -0.004670030201804 0.040710057261781
7550151 -0.226478409753130 0.012398949170633 -0.039095506084512 0.001918607681703 0.999288879603425 -0.004965941089333 0.037328186060841
7566818 -0.248493008606405 0.014243939941780 -0.043412561372924 0.001934597963365 0.999406731453411 -0.005140786080644 0.034000217275819
7583485 -0.269236725352446 0.014123429232225 -0.047651657018390 0.002029781366884 0.999516955297259 -0.005137194911842 0.030583415266066
7600152 -0.291985692684775 0.014992820357075 -0.052663902808300 0.002037475409867 0.999610620558504 -0.005242814493972 0.027330730996040
7616819 -0.315539429902773 0.016247846561467 -0.057934666684213 0.002014785229796 0.999692597969175 -0.005370128329157 0.024120777927910
7633486 -0.336744366275711 0.016366010649519 -0.064373733799328 0.001957424159404 0.999765973642250 -0.005402716652644 0.020856104396460
7650153 -0.359823874375365 0.016704943492909 -0.070507145825733 0.001958836084459 0.999826342830409 -0.005463906501728 0.017708553563271
7666820 -0.381280732227007 0.014915057547749 -0.076972295914489 0.002072155792737 0.999879415941137 -0.005294771131910 0.014450783585751
7683487 -0.405012736517854 0.016131199513548 -0.083142823125311 0.002144020613015 0.999918594626656 -0.005413777196738 0.011353339241337
7700154 -0.422417196510956 0.015521941734793 -0.089755439625614 0.002149304266632 0.999954087097830 -0.005345237562385 0.007657194193419
7716821 -0.440633889055159 0.015531196175065 -0.097430706126425 0.002102333577051 0.999975150254924 -0.005336697608657 0.004098624745880
7733488 -0.461944320036264 0.015570449689577 -0.105138961726859 0.002079509724104 0.999983123526149 -0.005352036560554 0.000885441612566
7750155 -0.482990413029942 0.015237910608768 -0.112138386456255 0.002089727869061 0.999980901954772 -0.005304786152326 -0.002384954304192
7766822 -0.503821433785566 0.015099167543328 -0.120166930417223 0.002055592672692 0.999967731394359 -0.005254998275541 -0.005718015556756
7783489 -0.523109720579746 0.014485558230877 -0.128885139719144 0.002102329502803 0.999942750727814 -0.005179292676358 -0.009124165985269
7800156 -0.543928997557499 0.015231818060958 -0.137024123753793 0.002085979836090 0.999907779084371 -0.005241506541077 -0.012353486304010
7816823 -0.564409642748260 0.014173189169239 -0.145648096230734 0.002088747787772 0.999862488590262 -0.005131355726938 -0.015630426455175
7833490 -0.585405758903417 0.012605337570480 -0.153893044035807 0.002091965356346 0.999807593035506 -0.004961775978219 -0.018862167654800
7850157 -0.604038745876135 0.011730759292693 -0.163241281361046 0.002210372738333 0.999736400385861 -0.004902727629588 -0.022320556840479
7866824 -0.623912669914189 0.012495385418101 -0.173014635024074 0.002281338415329 0.999657193211935 -0.004972067377367 -0.025604103199791
7883491 -0.642734010250714 0.012306440201012 -0.183083037520612 0.002334371381312 0.999565533434445 -0.004964602492703 -0.028959416469560
7900158 -0.664385437323775 0.012224282533939 -0.192755788294468 0.002203425093295 0.999469477328785 -0.004928230173416 -0.032118862889915
7916825 -0.685068917103230 0.012143416134207 -0.202645830693743 0.002159246326047 0.999367626069293 -0.004899930731073 -0.035152187680983
7933492 -0.703584397797972 0.012137631476986 -0.213081072845134 0.002122773050254 0.999244493109827 -0.004889600955513 -0.038497124915475
7950159 -0.721060352426893 0.011963135815794 -0.223893136870179 0.002206465287548 0.999105509331240 -0.004907791067200 -0.041943131997257
7966826 -0.739898620204473 0.010913352253827 -0.234854596794814 0.002305842878572 0.998960705999109 -0.004791498827535 -0.045268449248532
7983493 -0.760496133585932 0.009248861597316 -0.246324024679861 0.002351273668808 0.998812764735229 -0.004575991552058 -0.048441643401296
8000160 -0.774876892483050 0.009500882220280 -0.258050011269005 0.002469763523616 0.998619164584359 -0.004605612064151 -0.052272868014759
8016827 -0.793655861134185 0.007657387097941 -0.269154291874035 0.002665024939003 0.998445506438380 -0.004416236541348 -0.055497433903674
8033494 -0.809837583594680 0.008368531459898 -0.281003561065239 0.002655383435172 0.998242539695945 -0.004482853363807 -0.059031219756342
8050161 -0.828162399352647 0.007425696035051 -0.293037087395008 0.002716868897430 0.998044436305971 -0.004388359725819 -0.062294976370553
8066828 -0.846186555081184 0.007057987637920 -0.304863774146000 0.002788966304681 0.997838327929542 -0.004339222539898 -0.065513846852985
8083495 -0.862870852402082 0.007062670961451 -0.317530819484536 0.002825639688907 0.997606475699432 -0.004325650074463 -0.068953782741352
8100162 -0.880821632258034 0.005751370822491 -0.330042126577544 0.002878521400951 0.997379380922719 -0.004154153385871 -0.072172208185728
8116829 -0.901772374561665 0.004482580734354 -0.343178281700115 0.002881909463972 0.997160962031759 -0.003983036934386 -0.075138843579849
8133496 -0.914900369832673 0.005869230426835 -0.357026399300954 0.002784317880694 0.996870294264023 -0.004100219323182 -0.078898999926495
8150163 -0.931185730222069 0.005190307016484 -0.370389131951612 0.002706695983784 0.996602117643638 -0.003997431314387 -0.082224773930699
8166830 -0.947824309748657 0.004358843936482 -0.384229793966311 0.002775266251004 0.996330935601035 -0.003912584943591 -0.085449729903970
8183497 -0.966995281564129 0.004983323197389 -0.398149399183755 0.002681268642825 0.996080641696785 -0.004004782858985 -0.088318331900228
8200164 -0.983930380079749 0.003853921567495 -0.412135472156810 0.002691236421139 0.995790814268098 -0.004106779740872 -0.091523471448386
8216831 -0.997436282471036 0.004120733488004 -0.426466702300640 0.002675640481031 0.995454140002270 -0.004173952285205 -0.095112955072791
8233498 -1.013218142085374 0.003548137578872 -0.441317962669171 0.002661128472070 0.995144026848659 -0.004099208770421 -0.098308090766459
8250165 -1.025351782475005 0.003237028928943 -0.457397671016905 0.002575448449697 0.994772026250982 -0.004034603155483 -0.102008356673250
8266832 -1.039738669200214 0.003114847483737 -0.472165564139643 0.002543772230586 0.994420003996542 -0.004008111796281 -0.105386526245933
8283499 -1.054489539612150 0.002445320886534 -0.487429638778741 0.002547312126451 0.994058381113887 -0.003954813027187 -0.108746519907948
8300166 -1.070362682197427 0.001327695898042 -0.502243323471243 0.002568818633208 0.993694960441582 -0.003827011982250 -0.112022679592659
8316833 -1.086482870919718 -0.000284981144588 -0.517627196195656 0.002627415865585 0.993334479358255 -0.003604088116420 -0.115181245664314
8333500 -1.099690869220732 -0.000510111079410 -0.533652250305432 0.002616941052107 0.992919845579489 -0.003574779905817 -0.118703634411749
8350167 -1.114217980299299 -0.000215273314847 -0.549807327237748 0.002610166131546 0.992524647997235 -0.003597022948223 -0.121963402611768
8366834 -1.128986421005468 -0.000014040667751 -0.565853006058721 0.002579585291454 0.992140646120071 -0.003627316168823 -0.125048497126452
8383501 -1.142700605457957 -0.001142683431128 -0.582298192015108 0.002606517951751 0.991725492515446 -0.003497565039988 -0.128302457489931
8400168 -1.156677623172080 -0.002398118015124 -0.598510902716515 0.002651005131998 0.991310690511920 -0.003337138148603 -0.131472242536389
8416835 -1.168656117630708 -0.002838172873453 -0.615185737219507 0.002650111994865 0.990853932947693 -0.003239294809161 -0.134873894574310
8433502 -1.180563257808817 -0.002363537075811 -0.632032810134097 0.002601310530569 0.990387604470887 -0.003272916712920 -0.138256696438663
8450169 -1.194572517841968 -0.002746550066061 -0.649090046874994 0.002523896626532 0.989946758232704 -0.003211577054837 -0.141381510754411
8466836 -1.206078145857924 -0.002659430520554 -0.666686243340116 0.002548854305240 0.989454555871799 -0.003244214975480 -0.144784875851947
8483503 -1.217353885216278 -0.002826861150492 -0.684287068005270 0.002525376225915 0.988952875254364 -0.003225078663739 -0.148173654435113
8500170 -1.228723117031691 -0.003076248427099 -0.702137608603131 0.002529127719305 0.988445392841039 -0.003186573452552 -0.151522785857229
8516837 -1.239598902901734 -0.002525956437381 -0.720016399822620 0.002530938442953 0.987923401978482 -0.003265423732457 -0.154887969777218
8533504 -1.250185514463907 -0.001987867148090 -0.738665455757143 0.002481665747037 0.987382545978184 -0.003298172950117 -0.158299309183428
8550171 -1.259754426830948 -0.002730653271189 -0.757064355493735 0.002489904267069 0.986817926766098 -0.003172634223198 -0.161784159242760
8566838 -1.270501325062308 -0.003405772739629 -0.775702290875051 0.002441466740122 0.986272160409218 -0.003107406116660 -0.165080613244306
8583505 -1.281058758722940 -0.003545459167313 -0.794571294879102 0.002330034347187 0.985718790354658 -0.003039469333439 -0.168356166824571
8600172 -1.289241143715950 -0.003184801349425 -0.813695971134486 0.002249164410564 0.985101454577241 -0.003078519019682 -0.171931928884383
8616839 -1.295167151415010 -0.002425417212267 -0.832990548301317 0.002161971585019 0.984412270776021 -0.003149355515605 -0.175834833250697
8633506 -1.307071818633159 -0.002446960967403 -0.852536972788524 0.002116340537722 0.983889631207056 -0.003142397066770 -0.178736789852134
8650173 -1.316048811819081 -0.003377836049913 -0.872137781483816 0.002206696394007 0.983284008071163 -0.003019972825760 -0.182040022321095
8666840 -1.324172896191863 -0.003169123521186 -0.891647276376057 0.002222854307741 0.982647941522445 -0.003046344379707 -0.185442178930115
8683507 -1.330101846739142 -0.004731760706165 -0.911643406901764 0.002389438153006 0.981931768632551 -0.002846510527529 -0.189198810020782
8700174 -1.338895238331497 -0.006089818083014 -0.931878586642075 0.002406147179161 0.981282639460961 -0.002716449880088 -0.192538860618657
8716841 -1.344830531338481 -0.004468545124206 -0.952060770371296 0.002281647714909 0.980552138067452 -0.002893388383254 -0.196224175163807
8733508 -1.353328149041390 -0.004514191265308 -0.973199760222399 0.002234259796722 0.979887126737860 -0.002949707403649 -0.199518235163642
8750175 -1.358944723838338 -0.003549880773770 -0.993282585507219 0.002101343095794 0.979157315523017 -0.003084993248940 -0.203068999681406
8766842 -1.365485308050838 -0.003581064528678 -1.013821904410501 0.002229919061945 0.978451837000181 -0.003118878512199 -0.206439586147556
8783509 -1.371766234288106 -0.004284188839440 -1.034332226595138 0.002409573330317 0.977734311033274 -0.003127492439139 -0.209809508306221
8800176 -1.379241345033272 -0.003886052555755 -1.055374665523999 0.002569033997483 0.977049807011908 -0.003243132600202 -0.212970788544464
8816843 -1.385657566178750 -0.004276165946334 -1.077237523600331 0.002860511387280 0.976305500523852 -0.003272621215779 -0.216353130487756
8833510 -1.391216749036002 -0.001337495086125 -1.101209521727849 0.003251625017661 0.975515366562135 -0.003869899229358 -0.219873191671567
8850177 -1.397098499164052 -0.000823885202563 -1.122079354089733 0.003371199822396 0.974782153161039 -0.003993736334264 -0.223097375512531
8866844 -1.402702079991496 -0.001597489241696 -1.142610575621500 0.003423545588792 0.974021636255182 -0.003917964461436 -0.226395187662765
